0,1,1,0.999000,1,0,1,
0,1,2,0.998900,2,0,2,1,
0,2,1,0.999900,1,0,2,
0,2,2,0.998001,2,0,1,2,
0,3,1,0.998999,2,0,1,3,
0,3,2,0.999870,4,0,8,6,4,3,
0,4,1,0.999880,3,0,8,6,4,
0,4,2,0.997901,3,0,2,5,4,
0,5,1,0.998900,2,0,2,5,
0,5,2,0.998979,4,0,8,9,7,5,
0,6,1,0.999980,2,0,8,6,
0,6,2,0.997801,4,0,2,5,4,6,
0,7,1,0.998980,3,0,8,9,7,
0,7,2,0.998899,3,0,2,5,7,
0,8,1,0.999990,1,0,8,
0,8,2,0.997890,5,0,2,5,7,9,8,
0,9,1,0.999980,2,0,8,9,
0,9,2,0.997900,4,0,2,5,7,9,
0,10,1,0.998998,3,0,1,3,10,
0,10,2,0.998880,4,0,8,9,13,10,
0,11,1,0.998980,3,0,8,9,11,
0,11,2,0.998700,4,0,2,5,12,11,
0,12,1,0.998800,3,0,2,5,12,
0,12,2,0.998880,4,0,8,9,11,12,
0,13,1,0.998980,3,0,8,9,13,
0,13,2,0.998898,4,0,1,3,10,13,
1,0,1,0.999000,1,1,0,
1,0,2,0.998900,2,1,2,0,
1,2,1,0.999000,1,1,2,
1,2,2,0.998900,2,1,0,2,
1,3,1,0.999999,1,1,3,
1,3,2,0.996993,4,1,2,5,4,3,
1,4,1,0.999989,2,1,3,4,
1,4,2,0.997003,3,1,2,5,4,
1,5,1,0.998001,2,1,2,5,
1,5,2,0.998989,3,1,3,4,5,
1,6,1,0.998980,3,1,0,8,6,
1,6,2,0.999889,3,1,3,4,6,
1,7,1,0.998000,3,1,2,5,7,
1,7,2,0.997981,4,1,0,8,9,7,
1,8,1,0.998990,2,1,0,8,
1,8,2,0.999879,4,1,3,4,6,8,
1,9,1,0.998980,3,1,0,8,9,
1,9,2,0.998898,4,1,3,10,13,9,
1,10,1,0.999998,2,1,3,10,
1,10,2,0.997881,5,1,0,8,9,13,10,
1,11,1,0.999898,3,1,3,10,11,
1,11,2,0.997801,4,1,2,5,12,11,
1,12,1,0.997901,3,1,2,5,12,
1,12,2,0.999798,4,1,3,10,11,12,
1,13,1,0.999898,3,1,3,10,13,
1,13,2,0.997981,4,1,0,8,9,13,
2,0,1,0.999900,1,2,0,
2,0,2,0.998001,2,2,1,0,
2,1,1,0.999000,1,2,1,
2,1,2,0.998900,2,2,0,1,
2,3,1,0.998999,2,2,1,3,
2,3,2,0.997991,3,2,5,4,3,
2,4,1,0.998001,2,2,5,4,
2,4,2,0.998989,3,2,1,3,4,
2,5,1,0.999000,1,2,5,
2,5,2,0.997990,4,2,1,3,4,5,
2,6,1,0.999880,3,2,0,8,6,
2,6,2,0.997901,3,2,5,4,6,
2,7,1,0.998999,2,2,5,7,
2,7,2,0.998880,4,2,0,8,9,7,
2,8,1,0.999890,2,2,0,8,
2,8,2,0.997990,4,2,5,7,9,8,
2,9,1,0.999880,3,2,0,8,9,
2,9,2,0.998000,3,2,5,7,9,
2,10,1,0.998998,3,2,1,3,10,
2,10,2,0.998700,4,2,5,12,11,10,
2,11,1,0.998800,3,2,5,12,11,
2,11,2,0.998898,4,2,1,3,10,11,
2,12,1,0.998900,2,2,5,12,
2,12,2,0.998798,5,2,1,3,10,11,12,
2,13,1,0.998898,4,2,1,3,10,13,
2,13,2,0.998880,4,2,0,8,9,13,
3,0,1,0.998999,2,3,1,0,
3,0,2,0.999870,4,3,4,6,8,0,
3,1,1,0.999999,1,3,1,
3,1,2,0.996993,4,3,4,5,2,1,
3,2,1,0.998999,2,3,1,2,
3,2,2,0.997991,3,3,4,5,2,
3,4,1,0.999990,1,3,4,
3,4,2,0.997002,4,3,1,2,5,4,
3,5,1,0.998990,2,3,4,5,
3,5,2,0.998000,3,3,1,2,5,
3,6,1,0.999890,2,3,4,6,
3,6,2,0.998979,4,3,1,0,8,6,
3,7,1,0.998989,3,3,4,5,7,
3,7,2,0.997900,4,3,10,13,9,7,
3,8,1,0.999880,3,3,4,6,8,
3,8,2,0.998989,3,3,1,0,8,
3,9,1,0.998899,3,3,10,13,9,
3,9,2,0.999870,4,3,4,6,8,9,
3,10,1,0.999999,1,3,10,
3,10,2,0.998690,5,3,4,5,12,11,10,
3,11,1,0.999899,2,3,10,11,
3,11,2,0.998790,4,3,4,5,12,11,
3,12,1,0.999799,3,3,10,11,12,
3,12,2,0.998890,3,3,4,5,12,
3,13,1,0.999899,2,3,10,13,
3,13,2,0.998870,5,3,4,6,8,9,13,
4,0,1,0.999880,3,4,6,8,0,
4,0,2,0.997901,3,4,5,2,0,
4,1,1,0.999989,2,4,3,1,
4,1,2,0.997003,3,4,5,2,1,
4,2,1,0.998001,2,4,5,2,
4,2,2,0.998989,3,4,3,1,2,
4,3,1,0.999990,1,4,3,
4,3,2,0.997002,4,4,5,2,1,3,
4,5,1,0.999000,1,4,5,
4,5,2,0.997990,4,4,3,1,2,5,
4,6,1,0.999900,1,4,6,
4,6,2,0.997980,5,4,5,7,9,8,6,
4,7,1,0.998999,2,4,5,7,
4,7,2,0.998880,4,4,6,8,9,7,
4,8,1,0.999890,2,4,6,8,
4,8,2,0.997990,4,4,5,7,9,8,
4,9,1,0.999880,3,4,6,8,9,
4,9,2,0.998000,3,4,5,7,9,
4,10,1,0.999989,2,4,3,10,
4,10,2,0.998700,4,4,5,12,11,10,
4,11,1,0.998800,3,4,5,12,11,
4,11,2,0.999889,3,4,3,10,11,
4,12,1,0.998900,2,4,5,12,
4,12,2,0.999789,4,4,3,10,11,12,
4,13,1,0.999889,3,4,3,10,13,
4,13,2,0.998880,4,4,6,8,9,13,
5,0,1,0.998900,2,5,2,0,
5,0,2,0.998979,4,5,7,9,8,0,
5,1,1,0.998001,2,5,2,1,
5,1,2,0.998989,3,5,4,3,1,
5,2,1,0.999000,1,5,2,
5,2,2,0.997990,4,5,4,3,1,2,
5,3,1,0.998990,2,5,4,3,
5,3,2,0.998000,3,5,2,1,3,
5,4,1,0.999000,1,5,4,
5,4,2,0.997990,4,5,2,1,3,4,
5,6,1,0.998900,2,5,4,6,
5,6,2,0.998979,4,5,7,9,8,6,
5,7,1,0.999999,1,5,7,
5,7,2,0.997801,4,5,12,11,9,7,
5,8,1,0.998989,3,5,7,9,8,
5,8,2,0.998890,3,5,4,6,8,
5,9,1,0.998999,2,5,7,9,
5,9,2,0.998800,3,5,12,11,9,
5,10,1,0.999700,3,5,12,11,10,
5,10,2,0.998989,3,5,4,3,10,
5,11,1,0.999800,2,5,12,11,
5,11,2,0.998000,3,5,7,9,11,
5,12,1,0.999900,1,5,12,
5,12,2,0.997900,4,5,7,9,11,12,
5,13,1,0.998000,3,5,7,9,13,
5,13,2,0.999600,4,5,12,11,10,13,
6,0,1,0.999980,2,6,8,0,
6,0,2,0.997801,4,6,4,5,2,0,
6,1,1,0.999889,3,6,4,3,1,
6,1,2,0.998980,3,6,8,0,1,
6,2,1,0.997901,3,6,4,5,2,
6,2,2,0.999880,3,6,8,0,2,
6,3,1,0.999890,2,6,4,3,
6,3,2,0.998979,4,6,8,0,1,3,
6,4,1,0.999900,1,6,4,
6,4,2,0.997980,5,6,8,9,7,5,4,
6,5,1,0.998900,2,6,4,5,
6,5,2,0.998979,4,6,8,9,7,5,
6,7,1,0.998980,3,6,8,9,7,
6,7,2,0.998899,3,6,4,5,7,
6,8,1,0.999990,1,6,8,
6,8,2,0.997890,5,6,4,5,7,9,8,
6,9,1,0.999980,2,6,8,9,
6,9,2,0.997900,4,6,4,5,7,9,
6,10,1,0.999889,3,6,4,3,10,
6,10,2,0.998880,4,6,8,9,13,10,
6,11,1,0.998980,3,6,8,9,11,
6,11,2,0.998700,4,6,4,5,12,11,
6,12,1,0.998800,3,6,4,5,12,
6,12,2,0.998880,4,6,8,9,11,12,
6,13,1,0.998980,3,6,8,9,13,
6,13,2,0.999789,4,6,4,3,10,13,
7,0,1,0.998980,3,7,9,8,0,
7,0,2,0.998899,3,7,5,2,0,
7,1,1,0.998000,3,7,5,2,1,
7,1,2,0.997981,4,7,9,8,0,1,
7,2,1,0.998999,2,7,5,2,
7,2,2,0.998880,4,7,9,8,0,2,
7,3,1,0.998989,3,7,5,4,3,
7,3,2,0.997900,4,7,9,13,10,3,
7,4,1,0.998999,2,7,5,4,
7,4,2,0.998880,4,7,9,8,6,4,
7,5,1,0.999999,1,7,5,
7,5,2,0.997801,4,7,9,11,12,5,
7,6,1,0.998980,3,7,9,8,6,
7,6,2,0.998899,3,7,5,4,6,
7,8,1,0.998990,2,7,9,8,
7,8,2,0.998889,4,7,5,4,6,8,
7,9,1,0.999000,1,7,9,
7,9,2,0.998799,4,7,5,12,11,9,
7,10,1,0.997901,3,7,9,13,10,
7,10,2,0.999699,4,7,5,12,11,10,
7,11,1,0.998001,2,7,9,11,
7,11,2,0.999799,3,7,5,12,11,
7,12,1,0.999899,2,7,5,12,
7,12,2,0.997901,3,7,9,11,12,
7,13,1,0.998001,2,7,9,13,
7,13,2,0.999599,5,7,5,12,11,10,13,
8,0,1,0.999990,1,8,0,
8,0,2,0.997890,5,8,9,7,5,2,0,
8,1,1,0.998990,2,8,0,1,
8,1,2,0.999879,4,8,6,4,3,1,
8,2,1,0.999890,2,8,0,2,
8,2,2,0.997990,4,8,9,7,5,2,
8,3,1,0.999880,3,8,6,4,3,
8,3,2,0.998989,3,8,0,1,3,
8,4,1,0.999890,2,8,6,4,
8,4,2,0.997990,4,8,9,7,5,4,
8,5,1,0.998989,3,8,9,7,5,
8,5,2,0.998890,3,8,6,4,5,
8,6,1,0.999990,1,8,6,
8,6,2,0.997890,5,8,9,7,5,4,6,
8,7,1,0.998990,2,8,9,7,
8,7,2,0.998889,4,8,6,4,5,7,
8,9,1,0.999990,1,8,9,
8,9,2,0.997890,5,8,6,4,5,7,9,
8,10,1,0.998890,3,8,9,13,10,
8,10,2,0.999879,4,8,6,4,3,10,
8,11,1,0.998990,2,8,9,11,
8,11,2,0.998690,5,8,6,4,5,12,11,
8,12,1,0.998890,3,8,9,11,12,
8,12,2,0.998790,4,8,6,4,5,12,
8,13,1,0.998990,2,8,9,13,
8,13,2,0.999779,5,8,6,4,3,10,13,
9,0,1,0.999980,2,9,8,0,
9,0,2,0.997900,4,9,7,5,2,0,
9,1,1,0.998980,3,9,8,0,1,
9,1,2,0.998898,4,9,13,10,3,1,
9,2,1,0.998000,3,9,7,5,2,
9,2,2,0.999880,3,9,8,0,2,
9,3,1,0.998899,3,9,13,10,3,
9,3,2,0.999870,4,9,8,6,4,3,
9,4,1,0.999880,3,9,8,6,4,
9,4,2,0.998000,3,9,7,5,4,
9,5,1,0.998999,2,9,7,5,
9,5,2,0.998800,3,9,11,12,5,
9,6,1,0.999980,2,9,8,6,
9,6,2,0.997900,4,9,7,5,4,6,
9,7,1,0.999000,1,9,7,
9,7,2,0.998799,4,9,11,12,5,7,
9,8,1,0.999990,1,9,8,
9,8,2,0.997890,5,9,7,5,4,6,8,
9,10,1,0.998900,2,9,13,10,
9,10,2,0.998900,2,9,11,10,
9,11,1,0.999000,1,9,11,
9,11,2,0.998800,3,9,13,10,11,
9,12,1,0.998900,2,9,11,12,
9,12,2,0.998899,3,9,7,5,12,
9,13,1,0.999000,1,9,13,
9,13,2,0.998800,3,9,11,10,13,
10,0,1,0.998998,3,10,3,1,0,
10,0,2,0.998880,4,10,13,9,8,0,
10,1,1,0.999998,2,10,3,1,
10,1,2,0.997702,5,10,11,12,5,2,1,
10,2,1,0.998998,3,10,3,1,2,
10,2,2,0.998700,4,10,11,12,5,2,
10,3,1,0.999999,1,10,3,
10,3,2,0.998690,5,10,11,12,5,4,3,
10,4,1,0.999989,2,10,3,4,
10,4,2,0.998700,4,10,11,12,5,4,
10,5,1,0.999700,3,10,11,12,5,
10,5,2,0.998989,3,10,3,4,5,
10,6,1,0.999889,3,10,3,4,6,
10,6,2,0.998880,4,10,13,9,8,6,
10,7,1,0.997901,3,10,13,9,7,
10,7,2,0.999699,4,10,11,12,5,7,
10,8,1,0.998890,3,10,13,9,8,
10,8,2,0.999879,4,10,3,4,6,8,
10,9,1,0.998900,2,10,13,9,
10,9,2,0.998900,2,10,11,9,
10,11,1,0.999900,1,10,11,
10,11,2,0.997901,3,10,13,9,11,
10,12,1,0.999800,2,10,11,12,
10,12,2,0.998889,4,10,3,4,5,12,
10,13,1,0.999900,1,10,13,
10,13,2,0.997901,3,10,11,9,13,
11,0,1,0.998980,3,11,9,8,0,
11,0,2,0.998700,4,11,12,5,2,0,
11,1,1,0.999898,3,11,10,3,1,
11,1,2,0.997801,4,11,12,5,2,1,
11,2,1,0.998800,3,11,12,5,2,
11,2,2,0.998898,4,11,10,3,1,2,
11,3,1,0.999899,2,11,10,3,
11,3,2,0.998790,4,11,12,5,4,3,
11,4,1,0.998800,3,11,12,5,4,
11,4,2,0.999889,3,11,10,3,4,
11,5,1,0.999800,2,11,12,5,
11,5,2,0.998000,3,11,9,7,5,
11,6,1,0.998980,3,11,9,8,6,
11,6,2,0.998700,4,11,12,5,4,6,
11,7,1,0.998001,2,11,9,7,
11,7,2,0.999799,3,11,12,5,7,
11,8,1,0.998990,2,11,9,8,
11,8,2,0.998690,5,11,12,5,4,6,8,
11,9,1,0.999000,1,11,9,
11,9,2,0.998800,3,11,10,13,9,
11,10,1,0.999900,1,11,10,
11,10,2,0.997901,3,11,9,13,10,
11,12,1,0.999900,1,11,12,
11,12,2,0.997900,4,11,9,7,5,12,
11,13,1,0.999800,2,11,10,13,
11,13,2,0.998001,2,11,9,13,
12,0,1,0.998800,3,12,5,2,0,
12,0,2,0.998880,4,12,11,9,8,0,
12,1,1,0.997901,3,12,5,2,1,
12,1,2,0.999798,4,12,11,10,3,1,
12,2,1,0.998900,2,12,5,2,
12,2,2,0.998798,5,12,11,10,3,1,2,
12,3,1,0.999799,3,12,11,10,3,
12,3,2,0.998890,3,12,5,4,3,
12,4,1,0.998900,2,12,5,4,
12,4,2,0.999789,4,12,11,10,3,4,
12,5,1,0.999900,1,12,5,
12,5,2,0.997900,4,12,11,9,7,5,
12,6,1,0.998800,3,12,5,4,6,
12,6,2,0.998880,4,12,11,9,8,6,
12,7,1,0.999899,2,12,5,7,
12,7,2,0.997901,3,12,11,9,7,
12,8,1,0.998890,3,12,11,9,8,
12,8,2,0.998790,4,12,5,4,6,8,
12,9,1,0.998900,2,12,11,9,
12,9,2,0.998899,3,12,5,7,9,
12,10,1,0.999800,2,12,11,10,
12,10,2,0.998889,4,12,5,4,3,10,
12,11,1,0.999900,1,12,11,
12,11,2,0.997900,4,12,5,7,9,11,
12,13,1,0.999700,3,12,11,10,13,
12,13,2,0.997900,4,12,5,7,9,13,
13,0,1,0.998980,3,13,9,8,0,
13,0,2,0.998898,4,13,10,3,1,0,
13,1,1,0.999898,3,13,10,3,1,
13,1,2,0.997981,4,13,9,8,0,1,
13,2,1,0.997002,4,13,9,7,5,2,
13,2,2,0.998898,4,13,10,3,1,2,
13,3,1,0.999899,2,13,10,3,
13,3,2,0.998870,5,13,9,8,6,4,3,
13,4,1,0.999889,3,13,10,3,4,
13,4,2,0.998880,4,13,9,8,6,4,
13,5,1,0.998000,3,13,9,7,5,
13,5,2,0.999600,4,13,10,11,12,5,
13,6,1,0.998980,3,13,9,8,6,
13,6,2,0.999789,4,13,10,3,4,6,
13,7,1,0.998001,2,13,9,7,
13,7,2,0.999599,5,13,10,11,12,5,7,
13,8,1,0.998990,2,13,9,8,
13,8,2,0.999779,5,13,10,3,4,6,8,
13,9,1,0.999000,1,13,9,
13,9,2,0.998800,3,13,10,11,9,
13,10,1,0.999900,1,13,10,
13,10,2,0.997901,3,13,9,11,10,
13,11,1,0.999800,2,13,10,11,
13,11,2,0.998001,2,13,9,11,
13,12,1,0.999700,3,13,10,11,12,
13,12,2,0.997900,4,13,9,7,5,12,
