0,1,7,14,0.999000#
1,9,1,29,0.900000#
2,2,9,12,0.990000#
3,10,13,49,0.900000#
4,3,7,24,0.990000#
5,0,11,11,0.999000#
6,10,8,6,0.990000#
7,11,9,57,0.999000#
8,13,6,41,0.999000#
9,2,3,52,0.999000#
10,11,12,52,0.900000#
11,5,9,16,0.999000#
12,8,1,49,0.900000#
13,3,6,12,0.990000#
14,0,12,24,0.900000#
15,8,11,35,0.900000#
16,4,12,7,0.990000#
17,0,7,7,0.990000#
18,3,6,29,0.999000#
19,4,9,32,0.900000#
20,12,4,16,0.990000#
21,6,9,3,0.900000#
22,0,1,29,0.999000#
23,0,1,56,0.990000#
24,10,7,3,0.990000#
25,13,12,58,0.900000#
26,7,11,43,0.900000#
27,1,8,50,0.999000#
28,1,4,33,0.900000#
29,4,9,56,0.999000#
30,3,13,36,0.900000#
31,12,3,23,0.900000#
32,7,12,19,0.900000#
33,3,0,8,0.999000#
34,6,10,34,0.990000#
35,0,2,2,0.990000#
36,13,12,10,0.990000#
37,2,6,54,0.900000#
38,6,5,19,0.900000#
39,0,3,64,0.900000#
40,12,1,3,0.900000#
41,7,10,63,0.999000#
42,10,4,3,0.999000#
43,10,4,17,0.990000#
44,8,7,35,0.999000#
45,11,5,3,0.999000#
46,6,9,61,0.999000#
47,0,7,51,0.900000#
48,8,3,56,0.990000#
49,6,11,31,0.900000#
50,3,7,43,0.990000#
51,11,0,24,0.999000#
52,2,10,51,0.999000#
53,13,9,15,0.990000#
54,13,7,31,0.999000#
55,2,8,60,0.990000#
56,6,8,60,0.990000#
57,5,0,62,0.990000#
58,6,5,46,0.990000#
59,8,5,18,0.990000#
60,2,5,57,0.999000#
61,11,6,24,0.990000#
62,5,9,64,0.999000#
63,7,2,29,0.999000#
64,6,13,50,0.999000#
65,10,3,57,0.990000#
66,13,11,18,0.990000#
67,10,1,50,0.999000#
68,11,13,37,0.999000#
69,5,7,27,0.999000#
70,1,5,4,0.999000#
71,2,10,33,0.900000#
72,5,1,17,0.999000#
73,12,1,41,0.990000#
74,1,12,21,0.999000#
75,1,3,41,0.990000#
76,9,6,29,0.900000#
77,9,1,15,0.990000#
78,5,8,40,0.999000#
79,2,8,19,0.900000#
80,12,13,31,0.900000#
81,7,6,46,0.900000#
82,11,9,4,0.990000#
83,1,4,48,0.999000#
84,7,5,13,0.990000#
85,13,1,33,0.990000#
86,11,10,44,0.999000#
87,10,9,56,0.990000#
88,6,0,24,0.999000#
89,2,0,62,0.990000#
90,7,5,25,0.999000#
91,0,3,9,0.900000#
92,12,10,26,0.990000#
93,3,12,39,0.999000#
94,11,0,16,0.999000#
95,0,11,26,0.999000#
96,4,3,21,0.900000#
97,4,5,22,0.990000#
98,11,12,41,0.990000#
99,4,2,22,0.990000#
